58
257
0
0
58
257
100
0
58
257
0
0
58
0
0
0
58
0
100
0
58
0
0
0
120
470
0
0
120
470
100
0
120
470
0
0
120
550
0
0
120
550
100
0
120
550
0
0
120
470
0
0
120
470
100
0
120
470
0
0
120
550
0
0
120
550
100
0
120
550
0
0
120
470
0
0
120
470
100
0
120
470
0
0
120
550
0
0
120
550
100
0
120
550
0
0
58
257
0
0
58
257
100
0
58
257
0
0
58
9
0
0
58
9
100
0
58
9
0
0
120
470
0
0
120
470
100
0
120
470
0
0
120
550
0
0
120
550
100
0
120
550
0
0
120
470
0
0
120
470
100
0
120
470
0
0
120
550
0
0
120
550
100
0
120
550
0
0
